196,"select name, type from DBObjects where name like &&& or name like &&& order by name"
2019-10-07 00:04:00,1
2019-10-07 00:07:00,1
2019-10-07 00:17:00,3
2019-10-07 00:18:00,1
2019-10-07 00:20:00,2
2019-10-07 00:45:00,2
2019-10-07 02:01:00,2
2019-10-07 02:05:00,1
2019-10-07 02:53:00,1
2019-10-07 02:54:00,1
2019-10-07 03:31:00,1
2019-10-07 03:33:00,1
2019-10-07 03:44:00,1
2019-10-07 03:46:00,1
2019-10-07 03:50:00,1
2019-10-07 05:23:00,1
2019-10-07 05:28:00,1
2019-10-07 05:33:00,1
2019-10-07 06:18:00,1
2019-10-07 06:30:00,1
2019-10-07 06:33:00,1
2019-10-07 06:42:00,1
2019-10-07 06:43:00,1
2019-10-07 06:51:00,1
2019-10-07 06:52:00,1
2019-10-07 06:53:00,1
2019-10-07 06:56:00,3
2019-10-07 06:57:00,1
2019-10-07 06:59:00,1
2019-10-07 07:06:00,1
2019-10-07 07:20:00,6
2019-10-07 07:21:00,5
2019-10-07 07:22:00,2
2019-10-07 08:00:00,7
2019-10-07 08:02:00,2
2019-10-07 08:11:00,1
2019-10-07 08:18:00,1
2019-10-07 08:31:00,1
2019-10-07 08:35:00,1
2019-10-07 08:38:00,1
2019-10-07 08:40:00,1
2019-10-07 08:42:00,1
2019-10-07 09:06:00,1
2019-10-07 09:07:00,1
2019-10-07 09:26:00,1
2019-10-07 09:27:00,2
2019-10-07 09:32:00,1
2019-10-07 09:33:00,1
2019-10-07 09:37:00,1
2019-10-07 09:40:00,1
2019-10-07 09:45:00,2
2019-10-07 10:06:00,1
2019-10-07 10:11:00,4
2019-10-07 10:12:00,2
2019-10-07 10:19:00,1
2019-10-07 10:21:00,2
2019-10-07 10:31:00,1
2019-10-07 10:32:00,1
2019-10-07 10:33:00,1
2019-10-07 10:43:00,1
2019-10-07 10:45:00,1
2019-10-07 10:50:00,1
2019-10-07 10:53:00,1
2019-10-07 11:16:00,1
2019-10-07 11:19:00,1
2019-10-07 11:23:00,1
2019-10-07 11:40:00,1
2019-10-07 11:43:00,1
2019-10-07 12:01:00,1
2019-10-07 12:03:00,1
2019-10-07 12:07:00,1
2019-10-07 12:10:00,1
2019-10-07 12:19:00,1
2019-10-07 12:34:00,1
2019-10-07 12:38:00,1
2019-10-07 12:39:00,1
2019-10-07 12:46:00,1
2019-10-07 13:21:00,1
2019-10-07 13:59:00,1
2019-10-07 14:02:00,1
2019-10-07 14:23:00,1
2019-10-07 14:39:00,2
2019-10-07 15:19:00,2
2019-10-07 15:21:00,1
2019-10-07 15:58:00,1
2019-10-07 17:13:00,1
2019-10-07 17:47:00,1
2019-10-07 17:57:00,1
2019-10-07 18:08:00,1
2019-10-07 18:15:00,1
2019-10-07 18:17:00,1
2019-10-07 18:18:00,1
2019-10-07 18:19:00,1
2019-10-07 18:28:00,1
2019-10-07 18:32:00,1
2019-10-07 18:36:00,1
2019-10-07 18:51:00,1
2019-10-07 19:07:00,1
2019-10-07 19:09:00,3
2019-10-07 19:10:00,3
2019-10-07 19:12:00,1
2019-10-07 19:21:00,1
2019-10-07 19:54:00,1
2019-10-07 19:55:00,1
2019-10-07 19:57:00,1
2019-10-07 20:01:00,1
2019-10-07 20:02:00,1
2019-10-07 20:03:00,1
2019-10-07 20:06:00,1
2019-10-07 20:08:00,5
2019-10-07 20:09:00,1
2019-10-07 20:10:00,2
2019-10-07 20:11:00,4
2019-10-07 20:19:00,2
2019-10-07 20:34:00,1
2019-10-07 20:40:00,1
2019-10-07 21:03:00,1
2019-10-07 21:33:00,2
2019-10-07 21:42:00,1
2019-10-07 21:43:00,1
2019-10-07 21:44:00,1
2019-10-07 21:52:00,1
2019-10-07 22:05:00,3
2019-10-07 22:06:00,3
2019-10-07 22:07:00,5
2019-10-07 22:08:00,3
2019-10-07 22:33:00,1
2019-10-07 22:40:00,1
2019-10-07 23:00:00,1
2019-10-07 23:02:00,1
2019-10-07 23:08:00,1
2019-10-07 23:11:00,1
2019-10-07 23:15:00,1
2019-10-07 23:21:00,1
2019-10-07 23:24:00,1
2019-10-07 23:37:00,1
2019-10-07 23:39:00,1
2019-10-07 23:56:00,2
