1,SELECT * FROM zoo_offsets
2019-08-20 16:34:00,1
