7,SELECT &&&
2019-07-26 13:12:00,1
2019-07-26 13:13:00,1
2019-07-26 13:15:00,1
2019-07-26 15:13:00,2
2019-07-26 15:20:00,1
2019-07-26 15:21:00,1
