9,"select name, description from DBObjects where access=&&& and type=&&& and access=&&& order by name"
2019-10-23 01:09:00,2
2019-10-23 02:26:00,1
2019-10-23 02:54:00,1
2019-10-23 12:13:00,2
2019-10-23 13:51:00,1
2019-10-23 16:29:00,1
2019-10-23 18:33:00,1
