3,"select name, description from DBObjects where access=&&& and type=&&& and access=&&& order by name"
2019-12-17 13:12:00,1
2019-12-17 22:06:00,2
